Winding1
  7 10
  0.031
  0  0  -2.45571e-12  -1.07493e-12  1.07493e-09  2.77646e-27  0  
  0.032
  0  0  -1.22786e-12  -5.37467e-13  5.37465e-10  6.94122e-28  0  
  0.033
  0  0  -6.13934e-13  -2.68734e-13  2.68733e-10  1.73532e-28  0  
  0.034
  0  0  -3.06968e-13  -1.34367e-13  1.34367e-10  4.33834e-29  0  
  0.035
  0  0  -1.53485e-13  -6.71836e-14  6.71834e-11  1.08459e-29  0  
  0.036
  0  0  -7.67427e-14  -3.35918e-14  3.35918e-11  2.71151e-30  0  
  0.037
  0  0  -3.83715e-14  -1.67959e-14  1.67959e-11  6.77883e-31  0  
  0.038
  0  0  -1.91859e-14  -8.39798e-15  8.39796e-12  1.69472e-31  0  
  0.039
  0  0  -9.59297e-15  -4.199e-15  4.19899e-12  4.23684e-32  0  
  0.04
  0  0  -4.7965e-15  -2.0995e-15  2.0995e-12  1.05922e-32  0  
